mov:0.9699235897 1
setlo:0.9699235897 1
sethi:0.9699235897 1
mb:1.0 1
nop:0.3 1   ok
add:1.0 1	-> iadd ? fadd? ladd is long add?
add_u:1.0 1	(ok)
sub:0.9995122744 1 ok
sub_u:0.9995122744 1 ok
ld_i:0.9705738904 4	 ??		iload 1,2,3 ?
ld_c:0.9720370671 4	??
ld_c2:0.9720370671 4
ld_uc:0.9720370671 4
ld_uc2:0.9720370671 4
pred_gt:0.9741505446 1
pred_gt_u:0.9741505446 1
pred_ge:0.9728499431 1
pred_ge_u:0.9728499431 1
pred_eq:0.9720370671 1
pred_lt:0.9731750935 1
pred_lt_u:0.9731750935 1
pred_le:0.9731750935 1
pred_le_u:0.9731750935 1
pred_ne:0.9731750935 1
pred_clear:0.9731750935 1
lsl:1.0352788165 1
lsr:1.0352788165 1
asr:1.0539749634 1
and:0.9757762965 1
nand:0.9757762965 1
or:0.9757762965 1
xor:0.9757762965 1
nor:0.9757762965 1
nxor:0.9757762965 1
rphi:0.9616322549 1
mul:1.2856446106 2
mul_u:1.2856446106 2
mul_16s:1.2856446106 2
mul_16u:1.2856446106 2
div:1.2856446106 2
div_u:1.2856446106 2
rem:1.2856446106 2
rem_u:1.2856446106 2
st_c2:0.9708990408 1
st_c:0.9708990408 1
st_i:0.9721996423 1
phi:0.9626077061 1
mv2sr:1.5 1
mvfsr:1.5 1
halt:1.5 1
jsr:1.5 3
jsr_fs:1.5 3
rts:1.5 3
rts_fs:1.5 3
jump:1.5 3
jump_fs:1.5 3
jump_rg:1.5 3
jump_rg_fs:1.5 3
cga:1.5 3

