#Energyconfigurationfile for class : javasim.components.FALU
#Mon Jan 26 08:53:26 CET 2015
D2L=0.9757762965
D2I=0.9757762965
F2L=1.25
REM_64BIT=2.5
D2F=1.1
DCMPL=2.04406
MUL_32BIT=2.5
F2I=1.2
SUB_32BIT=1.3
DCMPG=1.94406
F2D=1.3
MUL_64BIT=2.5
SUB_64BIT=2.0
FCMPL=1.3
ADD_32BIT=1.0
FCMPG=1.64406
NEG_32BIT=1.0
sending=1.1
ADD_64BIT=2.0
NEG_64BIT=2.0
DIV_32BIT=2.5
staticenergy=0.05
DIV_64BIT=2.5
REM_32BIT=2.5
NOP=0.3
