#Energyconfigurationfile for class : javasim.components.PatternFoldingJavaTokenMachine
#Mon Jan 26 08:53:26 CET 2015
PUTSTATIC_QUICK=1.2721996423
SETTHREADPRIORITY=1.2721996423
WRITECURCLASS=0.9705738904
staticenergy=0.05
READCURMETHOD=1.2705738904
GETSTATIC2_QUICK=2.4705738904
DECODE_JUMP=1.1705738904
INVOKENONVIRTUAL_QUICK=1.1921996423
YIELD=1.2721996423
SLEEP=1.2721996423
BURSTWRITE=1.2721996423
WRITECURMETHOD=1.2725738904
ISALIVE=1.2721996423
sending=0.6
INVOKEVIRTUAL_QUICK=0.9721996423
ISINTERRUPTED=1.2721996423
LDC=1.3705738904
CLASSSIZE=0.9905738904
READPARAMS=1.1701996423
NOP=0.3
MONITORENTER=1.2721996423
WRITEADDRESS=0.9721996423
INTERRUPT=1.2721996423
WAIT=1.2721996423
READADDRESS=0.9705738904
PUTSTATIC2_QUICK=1.2721996423
LDC_QUICK=1.1705738904
GETTHREADPRIORITY=1.2721996423
NOTIFYALL=1.2721996423
BURSTREAD=1.2705738904
READLOCALS=1.1701996423
CLONESIZE=0.9905738904
START=1.2721996423
CURRTHREADID=1.2721996423
INVOKEINTERFACE=1.3721996423
NEXTTHREADID=1.2721996423
THREADOBJECT=1.2721996423
CURRENTTIMEMILLIS=1.1701996423
LDC2_QUICK=1.9705738904
GETSTATIC_QUICK=1.2705738904
INCREAD=1.2705738904
NOTIFY=1.2721996423
REGTHREAD=1.2721996423
READCURCLASS=1.2705738904
LDC2=1.9905738904
MONITOREXIT=1.2721996423
DECODE_NEXT=4.2751
INCADDRESS=1.0705738904
