#Energyconfigurationfile for class : javasim.components.JumpUnit
#Mon Jan 26 08:53:26 CET 2015
IFNE=0.9731750935
IFLT=0.9731750935
IFNONNULL=0.47
ICMPGE=0.9728499431
ICMPEQ=0.9720370671
IFGE=0.9728499431
ICMPLE=0.9731750935
ICMPGT=0.9741505446
IFEQ=0.9720370671
sending=1.1
IFLE=0.9731750935
IFNULL=0.47
IFGT=0.9728499431
ICMPNE=0.9731750935
ICMPLT=0.9731750935
staticenergy=0.05
NOP=0.3
