#Energyconfigurationfile for class : javasim.components.ThreadContextMemory
#Mon Jan 26 08:53:26 CET 2015
INCFRAMESIZE=1.3721996423
BURSTWRITE=1.2721996423
CLEAN=1.1721996423
INITWRITE=0.9721996423
BURSTREAD=1.2705738904
sending=1.1
staticenergy=0.05
INITREAD=0.9705738904
NOP=0.3
