#Energyconfigurationfile for class : javasim.components.StackMemory
#Mon Jan 26 08:53:26 CET 2015
staticenergy=0.05
POP=1.2705738904
BURSTWRITE=1.3721996423
PUSH=1.2721996423
APUSH_NULL=999999.0
READSTOS=1.2705738904
sending=1.1
POP_BC=0.9995122744
BUFFERITOS=0.9721996423
POP2_BC=0.9995122744
IPUSH_5=1.1721996423
IPUSH_4=1.1721996423
WRITEADDRESS=0.9705738904
IPUSH_3=1.1721996423
DUP_X2=1.3721996423
IPUSH_2=1.1721996423
FPUSH_2=1.1721996423
DUP_X1=1.3721996423
DPUSH_1=1.1721996423
IPUSH_1=1.1721996423
IPUSH_0=1.1721996423
FPUSH_1=1.1721996423
DPUSH_0=1.1721996423
LPUSH_1=1.1721996423
DUP2_X2=1.3721996423
PUSH_0=1.1721996423
FPUSH_0=1.1721996423
DUP2=1.3721996423
LPUSH_0=1.1721996423
DUP2_X1=1.3721996423
READADDRESS=0.9705738904
DUP=1.3721996423
BURSTREAD=1.3705738904
BUFFERLTOS=1.5721996423
READTTOS=1.4705738904
FRAMESIZE=1.0
PUSHIBUFFER=1.5721996423
PUSHLBUFFER=1.9721996423
READFTOS=1.5705738904
SWAP=0.9721996423
IPUSH_M1=1.1721996423
NOP=0.3
